  0  0.0000000000
  1  0.5000000000
  2  0.6666666865
  3  0.7500000000
  4  0.8000000119
  5  0.8333333135
  6  0.8571428657
  7  0.8750000000
  8  0.8888888955
  9  0.8999999762
 10  0.9090909362
 11  0.9166666865
 12  0.9230769277
 13  0.9285714030
 14  0.9333333373
 15  0.9375000000
 16  0.9411764741
 17  0.9444444180
 18  0.9473684430
 19  0.9499999881
 20  0.9523809552
 21  0.9545454383
 22  0.9565217495
 23  0.9583333135
 24  0.9599999785
 25  0.9615384340
 26  0.9629629850
 27  0.9642857313
 28  0.9655172229
 29  0.9666666389
 30  0.9677419066
 31  0.9687500000
 32  0.9696969986
 33  0.9705882072
 34  0.9714285731
 35  0.9722222090
 36  0.9729729891
 37  0.9736841917
 38  0.9743589759
 39  0.9750000238
 40  0.9756097794
 41  0.9761904478
 42  0.9767441750
 43  0.9772727489
 44  0.9777777791
 45  0.9782608747
 46  0.9787234068
 47  0.9791666865
 48  0.9795918465
 49  0.9800000191
 50  0.9803921580
 51  0.9807692170
 52  0.9811320901
 53  0.9814814925
 54  0.9818181992
 55  0.9821428657
 56  0.9824561477
 57  0.9827586412
 58  0.9830508232
 59  0.9833333492
 60  0.9836065769
 61  0.9838709831
 62  0.9841269851
 63  0.9843750000
 64  0.9846153855
 65  0.9848484993
 66  0.9850746393
 67  0.9852941036
 68  0.9855072498
 69  0.9857142568
 70  0.9859154820
 71  0.9861111045
 72  0.9863013625
 73  0.9864864945
 74  0.9866666794
 75  0.9868420959
 76  0.9870129824
 77  0.9871794581
 78  0.9873417616
 79  0.9875000119
 80  0.9876543283
 81  0.9878048897
 82  0.9879518151
 83  0.9880952239
 84  0.9882352948
 85  0.9883720875
 86  0.9885057211
 87  0.9886363745
 88  0.9887640476
 89  0.9888888597
 90  0.9890109897
 91  0.9891304374
 92  0.9892473221
 93  0.9893617034
 94  0.9894737005
 95  0.9895833135
 96  0.9896907210
 97  0.9897959232
 98  0.9898989797
 99  0.9900000095
100  0.9900990129
